MTP
version = 1.1.0
potential_name = MTP1m
scaling = 2.901322474578120e-03
species_count = 1
potential_tag = 
radial_basis_type = RBChebyshev
	min_dist = 1.400000000000000e+00
	max_dist = 6.500000000000000e+00
	radial_basis_size = 8
	radial_funcs_count = 3
	radial_coeffs
		0-0
			{-1.756826615534698e-01, 8.615953189695356e-01, -1.424273390504454e-01, 4.032445027674620e-01, -2.785859239684439e-02, 1.177020278767088e-02, 5.440024374249863e-02, -2.000585081291607e-01}
			{4.192325304228916e-01, 1.509945257438967e-01, 7.381817595747017e-01, 6.181709722825017e-02, 4.374509577274962e-01, -4.233200808811805e-02, 2.094498680584906e-01, -1.252457088960352e-01}
			{5.837168338009586e-01, 4.381450969307509e-02, -2.966110435372672e-01, -3.068061621763636e-02, -3.171010731469563e-01, -5.776269934143738e-01, 3.603013384253076e-01, -6.642624432429151e-02}
alpha_moments_count = 41
alpha_index_basic_count = 25
alpha_index_basic = {{0, 0, 0, 0}, {0, 1, 0, 0}, {0, 0, 1, 0}, {0, 0, 0, 1}, {0, 2, 0, 0}, {0, 1, 1, 0}, {0, 1, 0, 1}, {0, 0, 2, 0}, {0, 0, 1, 1}, {0, 0, 0, 2}, {0, 3, 0, 0}, {0, 2, 1, 0}, {0, 2, 0, 1}, {0, 1, 2, 0}, {0, 1, 1, 1}, {0, 1, 0, 2}, {0, 0, 3, 0}, {0, 0, 2, 1}, {0, 0, 1, 2}, {0, 0, 0, 3}, {1, 0, 0, 0}, {1, 1, 0, 0}, {1, 0, 1, 0}, {1, 0, 0, 1}, {2, 0, 0, 0}}
alpha_index_times_count = 42
alpha_index_times = {{0, 0, 1, 25}, {1, 1, 1, 26}, {2, 2, 1, 26}, {3, 3, 1, 26}, {1, 4, 1, 27}, {2, 5, 1, 27}, {3, 6, 1, 27}, {1, 5, 1, 28}, {2, 7, 1, 28}, {3, 8, 1, 28}, {1, 6, 1, 29}, {2, 8, 1, 29}, {3, 9, 1, 29}, {4, 4, 1, 30}, {5, 5, 2, 30}, {6, 6, 2, 30}, {7, 7, 1, 30}, {8, 8, 2, 30}, {9, 9, 1, 30}, {10, 10, 1, 31}, {11, 11, 3, 31}, {12, 12, 3, 31}, {13, 13, 3, 31}, {14, 14, 6, 31}, {15, 15, 3, 31}, {16, 16, 1, 31}, {17, 17, 3, 31}, {18, 18, 3, 31}, {19, 19, 1, 31}, {0, 20, 1, 32}, {1, 21, 1, 33}, {2, 22, 1, 33}, {3, 23, 1, 33}, {0, 25, 1, 34}, {0, 26, 1, 35}, {0, 30, 1, 36}, {1, 27, 1, 37}, {2, 28, 1, 37}, {3, 29, 1, 37}, {0, 32, 1, 38}, {0, 34, 1, 39}, {0, 35, 1, 40}}
alpha_scalar_moments = 16
alpha_moment_mapping = {0, 20, 24, 25, 26, 30, 31, 32, 33, 34, 35, 36, 37, 38, 39, 40}
species_coeffs = {-3.458441017983429e+03}
moment_coeffs = {1.370616651987482e+01, -1.030456021514532e+01, -1.813342387482691e+00, 1.499493750168462e+02, 2.044130979761906e+02, 2.168218802168701e+01, 2.740079318703008e+01, -1.995904239712090e+02, -2.036281879847766e+02, 3.006493287669616e+02, 1.639403665192548e+03, 1.331226685743318e+02, 7.957792974637163e+02, -2.410025364541481e+02, 3.206404774835959e+02, 3.280836619758528e+03}