1
config_type=slice_sample_high degauss=0.13605692 ecutwfc=1224.51225528 kpoints=[36, 34, 47] energy=-3460.86388401 config_name=prim_0026 virial=[[1.54226203, 0.00015726, -0.61318958], [0.00015726, 0.82191072, 0.00009829], [-0.61318958, 0.00009829, 0.80608659]] Lattice="2.64718994 0.00000000 0.00000000 0.00000000 2.84387615 0.00000000 1.42193807 1.42193807 1.42193807" pbc=[T, T, T] Properties=species:S:1:pos:R:3:force:R:3
Fe         0.00000000       0.00000000       0.00000000         0.00000000       0.00000000       0.00000000
1
config_type=slice_sample_high degauss=0.13605692 ecutwfc=1224.51225528 kpoints=[33, 34, 45] energy=-3460.76218759 config_name=prim_0033 virial=[[0.17506978, -1.03234128, 0.92209851], [-1.03234128, -0.06415466, -1.17165753], [0.92209851, -1.17165753, 0.09603679]] Lattice="2.70212276 0.00000000 0.00000000 0.41743473 2.88815851 0.00000000 1.46722564 1.57939616 1.51341032" pbc=[T, T, T] Properties=species:S:1:pos:R:3:force:R:3
Fe         0.00000000       0.00000000       0.00000000         0.00000000       0.00000000       0.00000000
1
config_type=slice_sample_high degauss=0.13605692 ecutwfc=1224.51225528 kpoints=[33, 31, 45] energy=-3460.83881321 config_name=prim_0048 virial=[[-1.02938041, -0.11197209, -0.39146758], [-0.11197209, -0.85819376, 0.46768836], [-0.39146758, 0.46768836, -1.03247561]] Lattice="2.97066908 0.00000000 0.00000000 -0.03884447 2.85734103 0.00000000 1.56721212 1.29713374 1.48745560" pbc=[T, T, T] Properties=species:S:1:pos:R:3:force:R:3
Fe         0.00000000       0.00000000       0.00000000         0.00000000       0.00000000       0.00000000
1
config_type=slice_sample_high degauss=0.13605692 ecutwfc=1224.51225528 kpoints=[34, 32, 43] energy=-3460.85941209 config_name=prim_0060 virial=[[-0.15069449, -0.13417403, -0.26339528], [-0.13417403, -0.62535182, 0.05455909], [-0.26339528, 0.05455909, -0.94329496]] Lattice="2.71133045 0.00000000 0.00000000 0.13033908 2.88002672 0.00000000 1.49850082 1.44344455 1.56643863" pbc=[T, T, T] Properties=species:S:1:pos:R:3:force:R:3
Fe         0.00000000       0.00000000       0.00000000         0.00000000       0.00000000       0.00000000
1
config_type=slice_sample_high degauss=0.13605692 ecutwfc=1224.51225528 kpoints=[35, 33, 51] energy=-3460.85640523 config_name=prim_0064 virial=[[0.36843053, -0.84177558, 0.01809719], [-0.84177558, 0.17993691, 0.15750500], [0.01809719, 0.15750500, 1.10381594]] Lattice="2.79983957 0.00000000 0.00000000 0.28276140 2.99270932 0.00000000 1.49850214 1.44344609 1.33200408" pbc=[T, T, T] Properties=species:S:1:pos:R:3:force:R:3
Fe         0.00000000       0.00000000       0.00000000         0.00000000       0.00000000       0.00000000
1
config_type=slice_sample_high degauss=0.13605692 ecutwfc=1224.51225528 kpoints=[34, 33, 50] energy=-3460.77743521 config_name=prim_0070 virial=[[1.24466391, -1.16089375, 0.53244044], [-1.16089375, 1.23764698, 0.06830929], [0.53244044, 0.06830929, 1.65951908]] Lattice="2.71837697 0.00000000 0.00000000 0.37588086 2.92362802 0.00000000 1.40616476 1.38582586 1.34867924" pbc=[T, T, T] Properties=species:S:1:pos:R:3:force:R:3
Fe         0.00000000       0.00000000       0.00000000         0.00000000       0.00000000       0.00000000
1
config_type=slice_sample_high degauss=0.13605692 ecutwfc=1224.51225528 kpoints=[36, 34, 51] energy=-3460.83283528 config_name=prim_0085 virial=[[-0.40472772, 0.65354379, -0.33938294], [0.65354379, -0.18463474, 0.01042827], [-0.33938294, 0.01042827, 0.80469493]] Lattice="3.00201013 0.00000000 0.00000000 -0.27678233 2.95440726 0.00000000 1.48960343 1.40490172 1.31074367" pbc=[T, T, T] Properties=species:S:1:pos:R:3:force:R:3
Fe         0.00000000       0.00000000       0.00000000         0.00000000       0.00000000       0.00000000
1
config_type=slice_sample_high degauss=0.13605692 ecutwfc=1224.51225528 kpoints=[34, 34, 51] energy=-3460.87604301 config_name=prim_0087 virial=[[-0.31408136, -0.04104047, -0.00858129], [-0.04104047, -0.31453467, 0.21308786], [-0.00858129, 0.21308786, 0.88193262]] Lattice="2.96498625 0.00000000 0.00000000 0.02012633 2.95440718 0.00000000 1.48960613 1.40490240 1.31074333" pbc=[T, T, T] Properties=species:S:1:pos:R:3:force:R:3
Fe         0.00000000       0.00000000       0.00000000         0.00000000       0.00000000       0.00000000
1
config_type=slice_sample_high degauss=0.13605692 ecutwfc=1224.51225528 kpoints=[33, 34, 47] energy=-3460.92191392 config_name=prim_0095 virial=[[-0.36945571, 0.03829685, -0.13904784], [0.03829685, 0.07359794, -0.17792897], [-0.13904784, -0.17792897, -0.26673942]] Lattice="2.91017249 0.00000000 0.00000000 -0.00582326 2.77098476 0.00000000 1.48044549 1.42390083 1.43478779" pbc=[T, T, T] Properties=species:S:1:pos:R:3:force:R:3
Fe         0.00000000       0.00000000       0.00000000         0.00000000       0.00000000       0.00000000
1
config_type=slice_sample_high degauss=0.13605692 ecutwfc=1224.51225528 kpoints=[33, 33, 47] energy=-3460.90889136 config_name=prim_0100 virial=[[-0.57444077, 0.40060731, 0.04545057], [0.40060731, -0.42583101, 0.06848612], [0.04545057, 0.06848612, -0.36794821]] Lattice="2.91017249 0.00000000 0.00000000 -0.18286651 2.86257080 0.00000000 1.35974899 1.41787969 1.42328097" pbc=[T, T, T] Properties=species:S:1:pos:R:3:force:R:3
Fe         0.00000000       0.00000000       0.00000000         0.00000000       0.00000000       0.00000000
1
config_type=slice_sample_high degauss=0.13605692 ecutwfc=1224.51225528 kpoints=[33, 33, 47] energy=-3460.90385032 config_name=prim_0105 virial=[[-0.36408626, 0.44865497, 0.01854932], [0.44865497, 0.11000746, 0.21600052], [0.01854932, 0.21600052, -0.11058247]] Lattice="2.94056208 0.00000000 0.00000000 -0.19647365 2.77103573 0.00000000 1.39538786 1.33048966 1.42327909" pbc=[T, T, T] Properties=species:S:1:pos:R:3:force:R:3
Fe         0.00000000       0.00000000       0.00000000         0.00000000       0.00000000       0.00000000
1
config_type=slice_sample_high degauss=0.13605692 ecutwfc=1224.51225528 kpoints=[33, 97, 47] energy=-3458.49851192 config_name=prim_0136 virial=[[7.34084020, 0.13341954, 1.60235704], [0.13341954, -1.77333123, 0.79969754], [1.60235704, 0.79969754, 7.84840719]] Lattice="2.66561589 0.00000000 0.00000000 0.01931239 3.08232629 0.00000000 1.25355119 6.30395233 1.44882887" pbc=[T, T, T] Properties=species:S:1:pos:R:3:force:R:3
Fe         0.00000000       0.00000000       0.00000000         0.00000000       0.00000000       0.00000000
1
config_type=slice_sample_high degauss=0.13605692 ecutwfc=1224.51225528 kpoints=[34, 33, 49] energy=-3460.91356057 config_name=prim_0152 virial=[[-0.21139667, -0.09280054, -0.01484173], [-0.09280054, -0.30667612, 0.34233441], [-0.01484173, 0.34233441, 0.20950040]] Lattice="2.87757623 0.00000000 0.00000000 0.04200398 2.91312868 0.00000000 1.45408819 1.37982082 1.37639363" pbc=[T, T, T] Properties=species:S:1:pos:R:3:force:R:3
Fe         0.00000000       0.00000000       0.00000000         0.00000000       0.00000000       0.00000000
1
config_type=slice_sample_high degauss=0.13605692 ecutwfc=1224.51225528 kpoints=[34, 33, 49] energy=-3460.91277769 config_name=prim_0153 virial=[[-0.22153487, -0.09195707, -0.01565498], [-0.09195707, -0.32413011, 0.34814289], [-0.01565498, 0.34814289, 0.19811605]] Lattice="2.87757623 0.00000000 0.00000000 0.04200398 2.91661631 0.00000000 1.45408819 1.37982082 1.37639363" pbc=[T, T, T] Properties=species:S:1:pos:R:3:force:R:3
Fe         0.00000000       0.00000000       0.00000000         0.00000000       0.00000000       0.00000000
1
config_type=slice_sample_high degauss=0.13605692 ecutwfc=1224.51225528 kpoints=[34, 32, 49] energy=-3460.79889438 config_name=prim_0179 virial=[[-0.41164859, -0.88394238, -0.78890271], [-0.88394238, -0.24995729, 1.01461508], [-0.78890271, 1.01461508, 0.15355850]] Lattice="3.02306874 0.00000000 0.00000000 0.26761716 2.84942972 0.00000000 1.69618946 1.23959120 1.38583820" pbc=[T, T, T] Properties=species:S:1:pos:R:3:force:R:3
Fe         0.00000000       0.00000000       0.00000000         0.00000000       0.00000000       0.00000000
1
config_type=slice_sample_high degauss=0.13605692 ecutwfc=1224.51225528 kpoints=[34, 31, 49] energy=-3460.76034701 config_name=prim_0182 virial=[[-0.14012591, -1.01213137, -1.01375897], [-1.01213137, -0.09969621, 1.31717703], [-1.01375897, 1.31717703, 0.40762815]] Lattice="2.99553883 0.00000000 0.00000000 0.26761844 2.84942842 0.00000000 1.69619091 1.20323006 1.38454703" pbc=[T, T, T] Properties=species:S:1:pos:R:3:force:R:3
Fe         0.00000000       0.00000000       0.00000000         0.00000000       0.00000000       0.00000000
1
config_type=slice_sample_high degauss=0.13605692 ecutwfc=1224.51225528 kpoints=[35, 31, 49] energy=-3460.75733158 config_name=prim_0183 virial=[[-0.12918840, -0.80074893, -1.19969652], [-0.80074893, -0.08881296, 1.31169742], [-1.19969652, 1.31169742, 0.42560776]] Lattice="2.99553883 0.00000000 0.00000000 0.08415966 2.84942842 0.00000000 1.69619091 1.20323006 1.38454703" pbc=[T, T, T] Properties=species:S:1:pos:R:3:force:R:3
Fe         0.00000000       0.00000000       0.00000000         0.00000000       0.00000000       0.00000000
1
config_type=slice_sample_high degauss=0.13605692 ecutwfc=1224.51225528 kpoints=[32, 35, 45] energy=-3460.82469853 config_name=prim_0189 virial=[[-0.79998357, -0.59904232, 0.21653557], [-0.59904232, 0.06865735, -0.45186685], [0.21653557, -0.45186685, -0.56851183]] Lattice="3.06077473 0.00000000 0.00000000 0.31534550 2.67375201 0.00000000 1.70795209 1.45305077 1.48453084" pbc=[T, T, T] Properties=species:S:1:pos:R:3:force:R:3
Fe         0.00000000       0.00000000       0.00000000         0.00000000       0.00000000       0.00000000
1
config_type=slice_sample_high degauss=0.13605692 ecutwfc=1224.51225528 kpoints=[33, 33, 46] energy=-3460.81810358 config_name=prim_0193 virial=[[-1.09770057, -0.67584349, -0.47696474], [-0.67584349, -0.50704328, 0.45318650], [-0.47696474, 0.45318650, -0.71620452]] Lattice="3.06077473 0.00000000 0.00000000 0.31534550 2.78787606 0.00000000 1.75737442 1.32831196 1.46476436" pbc=[T, T, T] Properties=species:S:1:pos:R:3:force:R:3
Fe         0.00000000       0.00000000       0.00000000         0.00000000       0.00000000       0.00000000
1
config_type=slice_sample_high degauss=0.13605692 ecutwfc=1224.51225528 kpoints=[35, 31, 46] energy=-3460.74872693 config_name=prim_0198 virial=[[-0.46113959, -0.84351507, -1.21313912], [-0.84351507, -0.32021504, 1.31003661], [-1.21313912, 1.31003661, -0.10047057]] Lattice="2.90983805 0.00000000 0.00000000 0.16493835 2.85324752 0.00000000 1.70767047 1.22608645 1.46476301" pbc=[T, T, T] Properties=species:S:1:pos:R:3:force:R:3
Fe         0.00000000       0.00000000       0.00000000         0.00000000       0.00000000       0.00000000
1
config_type=slice_sample_high degauss=0.13605692 ecutwfc=1224.51225528 kpoints=[36, 34, 47] energy=-3460.88446983 config_name=prim_0208 virial=[[1.27089047, 0.00007945, -0.51851799], [0.00007945, 0.65315787, 0.00010925], [-0.51851799, 0.00010925, 0.64156794]] Lattice="2.67486167 0.00000000 0.00000000 0.00000000 2.84387816 0.00000000 1.42193774 1.42193774 1.42193774" pbc=[T, T, T] Properties=species:S:1:pos:R:3:force:R:3
Fe         0.00000000       0.00000000       0.00000000         0.00000000       0.00000000       0.00000000
1
config_type=slice_sample_high degauss=0.13605692 ecutwfc=1224.51225528 kpoints=[32, 33, 46] energy=-3460.88019438 config_name=prim_0223 virial=[[-0.50943588, -0.40456641, 0.39853956], [-0.40456641, -0.66763521, -0.34066175], [0.39853956, -0.34066175, -0.61939815]] Lattice="2.83348942 0.00000000 0.00000000 0.17686641 2.93210335 0.00000000 1.42111962 1.51136625 1.45771697" pbc=[T, T, T] Properties=species:S:1:pos:R:3:force:R:3
Fe         0.00000000       0.00000000       0.00000000         0.00000000       0.00000000       0.00000000
1
config_type=slice_sample_high degauss=0.13605692 ecutwfc=1224.51225528 kpoints=[33, 33, 48] energy=-3460.84396106 config_name=prim_0238 virial=[[-0.24992433, -0.65670804, 0.39454795], [-0.65670804, -0.69048939, -0.40895600], [0.39454795, -0.40895600, -0.32941246]] Lattice="2.75199189 0.00000000 0.00000000 0.29139741 3.09612022 0.00000000 1.42239728 1.57880949 1.41670616" pbc=[T, T, T] Properties=species:S:1:pos:R:3:force:R:3
Fe         0.00000000       0.00000000       0.00000000         0.00000000       0.00000000       0.00000000
1
config_type=slice_sample_high degauss=0.13605692 ecutwfc=1224.51225528 kpoints=[33, 32, 48] energy=-3460.86553969 config_name=prim_0241 virial=[[0.28444797, -0.63019628, 0.15099027], [-0.63019628, -0.17364890, 0.49129414], [0.15099027, 0.49129414, 0.11906656]] Lattice="2.75199189 0.00000000 0.00000000 0.29139741 2.96477316 0.00000000 1.42907912 1.36813626 1.41670616" pbc=[T, T, T] Properties=species:S:1:pos:R:3:force:R:3
Fe         0.00000000       0.00000000       0.00000000         0.00000000       0.00000000       0.00000000
1
config_type=slice_sample_high degauss=0.13605692 ecutwfc=1224.51225528 kpoints=[32, 31, 47] energy=-3460.83349746 config_name=prim_0245 virial=[[-0.25893799, -0.72640816, 0.43548462], [-0.72640816, -0.39858920, 0.32368896], [0.43548462, 0.32368896, -0.21305761]] Lattice="2.80524406 0.00000000 0.00000000 0.37081680 2.97640602 0.00000000 1.42907828 1.36813716 1.43278962" pbc=[T, T, T] Properties=species:S:1:pos:R:3:force:R:3
Fe         0.00000000       0.00000000       0.00000000         0.00000000       0.00000000       0.00000000
1
config_type=slice_sample_high degauss=0.13605692 ecutwfc=1224.51225528 kpoints=[33, 35, 48] energy=-3460.89147200 config_name=prim_0256 virial=[[0.02169838, 0.70131114, 0.06311313], [0.70131114, 0.48805270, -0.15289523], [0.06311313, -0.15289523, 0.35250787]] Lattice="2.90450817 0.00000000 0.00000000 -0.25728133 2.76142339 0.00000000 1.28623821 1.42683383 1.40912795" pbc=[T, T, T] Properties=species:S:1:pos:R:3:force:R:3
Fe         0.00000000       0.00000000       0.00000000         0.00000000       0.00000000       0.00000000
1
config_type=slice_sample_high degauss=0.13605692 ecutwfc=1224.51225528 kpoints=[34, 34, 47] energy=-3460.86385938 config_name=prim_0260 virial=[[-0.69728747, 0.61547705, -0.36638198], [0.61547705, -0.67813060, -0.47943540], [-0.36638198, -0.47943540, -0.48619336]] Lattice="2.90450817 0.00000000 0.00000000 -0.25728133 2.92609448 0.00000000 1.35842105 1.55193971 1.43146943" pbc=[T, T, T] Properties=species:S:1:pos:R:3:force:R:3
Fe         0.00000000       0.00000000       0.00000000         0.00000000       0.00000000       0.00000000
1
config_type=slice_sample_high degauss=0.13605692 ecutwfc=1224.51225528 kpoints=[35, 33, 47] energy=-3460.83641276 config_name=prim_0263 virial=[[-0.69157397, 0.66024431, -0.37207522], [0.66024431, -0.88798462, -0.35253544], [-0.37207522, -0.35253544, -0.59590074]] Lattice="2.82831036 0.00000000 0.00000000 -0.30943412 3.06142536 0.00000000 1.35842050 1.55194198 1.43146727" pbc=[T, T, T] Properties=species:S:1:pos:R:3:force:R:3
Fe         0.00000000       0.00000000       0.00000000         0.00000000       0.00000000       0.00000000
1
config_type=slice_sample_high degauss=0.13605692 ecutwfc=1224.51225528 kpoints=[43, 35, 50] energy=-3459.70455132 config_name=prim_0278 virial=[[-0.76674873, -0.22813521, 0.30122344], [-0.22813521, 3.59445201, -2.73629748], [0.30122344, -2.73629748, 3.19229480]] Lattice="2.87953313 0.00000000 0.00000000 4.20868818 2.84218270 0.00000000 1.42720316 1.42232235 1.34604064" pbc=[T, T, T] Properties=species:S:1:pos:R:3:force:R:3
Fe         0.00000000       0.00000000       0.00000000         0.00000000       0.00000000       0.00000000
1
config_type=slice_sample_high degauss=0.13605692 ecutwfc=1224.51225528 kpoints=[35, 35, 47] energy=-3460.86938275 config_name=prim_0302 virial=[[-0.37729562, -0.19533341, -0.75669795], [-0.19533341, 0.11593386, -0.24176714], [-0.75669795, -0.24176714, -0.05207673]] Lattice="2.94738105 0.00000000 0.00000000 0.17006683 2.79328902 0.00000000 1.71560272 1.48931754 1.42193746" pbc=[T, T, T] Properties=species:S:1:pos:R:3:force:R:3
Fe         0.00000000       0.00000000       0.00000000         0.00000000       0.00000000       0.00000000
1
config_type=slice_sample_high degauss=0.13605692 ecutwfc=1224.51225528 kpoints=[34, 34, 50] energy=-3460.82277115 config_name=prim_0310 virial=[[-0.93683610, -0.87545085, -0.14218714], [-0.87545085, -0.58912819, 0.14644223], [-0.14218714, 0.14644223, 0.11700373]] Lattice="3.08043843 0.00000000 0.00000000 0.35553496 2.92551086 0.00000000 1.74417196 1.44384770 1.35329821" pbc=[T, T, T] Properties=species:S:1:pos:R:3:force:R:3
Fe         0.00000000       0.00000000       0.00000000         0.00000000       0.00000000       0.00000000
1
config_type=slice_sample_high degauss=0.13605692 ecutwfc=1224.51225528 kpoints=[35, 36, 50] energy=-3460.86248616 config_name=prim_0312 virial=[[-0.43301215, -0.22075005, -0.61939666], [-0.22075005, 0.21575277, -0.05126715], [-0.61939666, -0.05126715, 0.39862539]] Lattice="3.08043843 0.00000000 0.00000000 0.14112105 2.77197257 0.00000000 1.74417196 1.44384770 1.35329821" pbc=[T, T, T] Properties=species:S:1:pos:R:3:force:R:3
Fe         0.00000000       0.00000000       0.00000000         0.00000000       0.00000000       0.00000000
1
config_type=slice_sample_high degauss=0.13605692 ecutwfc=1224.51225528 kpoints=[33, 33, 49] energy=-3460.81971449 config_name=prim_0319 virial=[[-0.28652077, -0.95765864, -0.23162766], [-0.95765864, 0.14090199, 0.64711340], [-0.23162766, 0.64711340, 0.26952314]] Lattice="3.04727860 0.00000000 0.00000000 0.36365918 2.76744396 0.00000000 1.64359237 1.22177283 1.38763011" pbc=[T, T, T] Properties=species:S:1:pos:R:3:force:R:3
Fe         0.00000000       0.00000000       0.00000000         0.00000000       0.00000000       0.00000000
1
config_type=slice_sample_high degauss=0.13605692 ecutwfc=1224.51225528 kpoints=[34, 33, 47] energy=-3460.82397103 config_name=prim_0325 virial=[[0.42632812, -0.55534297, -0.81302603], [-0.55534297, 1.05943277, 0.99024557], [-0.81302603, 0.99024557, 0.63696877]] Lattice="2.90995658 0.00000000 0.00000000 0.09973294 2.66974840 0.00000000 1.59287240 1.17586690 1.42934739" pbc=[T, T, T] Properties=species:S:1:pos:R:3:force:R:3
Fe         0.00000000       0.00000000       0.00000000         0.00000000       0.00000000       0.00000000
1
config_type=slice_sample_high degauss=0.13605692 ecutwfc=1224.51225528 kpoints=[32, 33, 46] energy=-3460.59017627 config_name=prim_0335 virial=[[-0.75788057, -1.98469081, 0.81982592], [-1.98469081, 0.41265047, -1.08070466], [0.81982592, -1.08070466, 0.62562556]] Lattice="2.86782561 0.00000000 0.00000000 0.81349315 2.91796094 0.00000000 1.70317869 1.50204661 1.46321338" pbc=[T, T, T] Properties=species:S:1:pos:R:3:force:R:3
Fe         0.00000000       0.00000000       0.00000000         0.00000000       0.00000000       0.00000000
1
config_type=slice_sample_high degauss=0.13605692 ecutwfc=1224.51225528 kpoints=[31, 34, 47] energy=-3460.86218983 config_name=prim_0352 virial=[[-1.06946427, -0.09534497, 0.53422841], [-0.09534497, -0.59784455, -0.07331703], [0.53422841, -0.07331703, -0.64633771]] Lattice="3.04875288 0.00000000 0.00000000 0.05567937 2.84387669 0.00000000 1.42193835 1.42193835 1.42193835" pbc=[T, T, T] Properties=species:S:1:pos:R:3:force:R:3
Fe         0.00000000       0.00000000       0.00000000         0.00000000       0.00000000       0.00000000
1
config_type=slice_sample_high degauss=0.13605692 ecutwfc=1224.51225528 kpoints=[36, 35, 48] energy=-3460.82813519 config_name=prim_0359 virial=[[1.64312037, 0.13902013, -0.74192931], [0.13902013, 1.40003765, -0.76489039], [-0.74192931, -0.76489039, 1.31188677]] Lattice="2.70245773 0.00000000 0.00000000 0.01474191 2.76164966 0.00000000 1.45715170 1.47695531 1.40730486" pbc=[T, T, T] Properties=species:S:1:pos:R:3:force:R:3
Fe         0.00000000       0.00000000       0.00000000         0.00000000       0.00000000       0.00000000
1
config_type=slice_sample_high degauss=0.13605692 ecutwfc=1224.51225528 kpoints=[34, 35, 48] energy=-3460.66101525 config_name=prim_0388 virial=[[1.49519212, -0.51888809, -0.91850013], [-0.51888809, 2.68422709, 0.76358264], [-0.91850013, 0.76358264, 1.57953365]] Lattice="3.04728971 0.00000000 0.00000000 0.07455499 2.44095219 0.00000000 1.64095637 1.04276426 1.39874864" pbc=[T, T, T] Properties=species:S:1:pos:R:3:force:R:3
Fe         0.00000000       0.00000000       0.00000000         0.00000000       0.00000000       0.00000000
1
config_type=slice_sample_high degauss=0.13605692 ecutwfc=1224.51225528 kpoints=[31, 38, 48] energy=-3460.74219103 config_name=prim_0400 virial=[[0.66961117, -0.55415216, 1.23262830], [-0.55415216, 1.13724823, -1.21852402], [1.23262830, -1.21852402, 0.95166614]] Lattice="3.02257290 0.00000000 0.00000000 0.00159894 2.63508510 0.00000000 1.36691326 1.54607929 1.39658888" pbc=[T, T, T] Properties=species:S:1:pos:R:3:force:R:3
Fe         0.00000000       0.00000000       0.00000000         0.00000000       0.00000000       0.00000000
1
config_type=slice_sample_high degauss=0.13605692 ecutwfc=1224.51225528 kpoints=[33, 35, 48] energy=-3460.90457074 config_name=prim_0404 virial=[[-0.57874846, 0.02297324, -0.18634678], [0.02297324, 0.23341364, -0.11119559], [-0.18634678, -0.11119559, -0.20191481]] Lattice="3.02257290 0.00000000 0.00000000 0.00159894 2.72254325 0.00000000 1.55326999 1.38905058 1.41224278" pbc=[T, T, T] Properties=species:S:1:pos:R:3:force:R:3
Fe         0.00000000       0.00000000       0.00000000         0.00000000       0.00000000       0.00000000
1
config_type=slice_sample_high degauss=0.13605692 ecutwfc=1224.51225528 kpoints=[34, 36, 48] energy=-3460.86396415 config_name=prim_0409 virial=[[0.01319214, -0.19315771, 0.02049741], [-0.19315771, -0.10432137, -0.97148345], [0.02049741, -0.97148345, 0.10858722]] Lattice="2.90572211 0.00000000 0.00000000 0.10905466 2.83050749 0.00000000 1.54117176 1.60485356 1.41224487" pbc=[T, T, T] Properties=species:S:1:pos:R:3:force:R:3
Fe         0.00000000       0.00000000       0.00000000         0.00000000       0.00000000       0.00000000
1
config_type=slice_sample_high degauss=0.13605692 ecutwfc=1224.51225528 kpoints=[33, 33, 47] energy=-3460.90250404 config_name=prim_0416 virial=[[-0.83424968, 0.12728910, -0.00216729], [0.12728910, -0.81717949, -0.04547954], [-0.00216729, -0.04547954, -0.78076011]] Lattice="2.90732234 0.00000000 0.00000000 -0.08134397 2.90193507 0.00000000 1.40767896 1.46668307 1.44217143" pbc=[T, T, T] Properties=species:S:1:pos:R:3:force:R:3
Fe         0.00000000       0.00000000       0.00000000         0.00000000       0.00000000       0.00000000
1
config_type=slice_sample_high degauss=0.13605692 ecutwfc=1224.51225528 kpoints=[35, 34, 47] energy=-3460.91410330 config_name=prim_0423 virial=[[0.31257036, -0.22540097, -0.22857799], [-0.22540097, -0.07078268, -0.21559820], [-0.22857799, -0.21559820, 0.06054098]] Lattice="2.76532346 0.00000000 0.00000000 0.11336443 2.89469082 0.00000000 1.49832691 1.50060277 1.42193762" pbc=[T, T, T] Properties=species:S:1:pos:R:3:force:R:3
Fe         0.00000000       0.00000000       0.00000000         0.00000000       0.00000000       0.00000000
1
config_type=slice_sample_high degauss=0.13605692 ecutwfc=1224.51225528 kpoints=[35, 35, 49] energy=-3460.88209278 config_name=prim_0435 virial=[[1.26446239, -0.23634023, -0.14144157], [-0.23634023, 1.06822797, -0.24699439], [-0.14144157, -0.24699439, 1.25458377]] Lattice="2.74557086 0.00000000 0.00000000 0.06803250 2.79681419 0.00000000 1.43090093 1.43390733 1.37501758" pbc=[T, T, T] Properties=species:S:1:pos:R:3:force:R:3
Fe         0.00000000       0.00000000       0.00000000         0.00000000       0.00000000       0.00000000
1
config_type=slice_sample_high degauss=0.13605692 ecutwfc=1224.51225528 kpoints=[34, 34, 46] energy=-3460.91722499 config_name=prim_0436 virial=[[0.50705227, -0.15724700, -0.10086435], [-0.15724700, 0.29452514, -0.18195562], [-0.10086435, -0.18195562, -0.03647562]] Lattice="2.74557086 0.00000000 0.00000000 0.06803250 2.79681419 0.00000000 1.43090093 1.43390733 1.46145638" pbc=[T, T, T] Properties=species:S:1:pos:R:3:force:R:3
Fe         0.00000000       0.00000000       0.00000000         0.00000000       0.00000000       0.00000000
1
config_type=slice_sample_high degauss=0.13605692 ecutwfc=1224.51225528 kpoints=[36, 31, 46] energy=-3460.83656854 config_name=prim_0440 virial=[[0.03483864, -0.34749566, -0.45923762], [-0.34749566, -0.78027863, 0.62549219], [-0.45923762, 0.62549219, -0.56144878]] Lattice="2.69609226 0.00000000 0.00000000 0.10055076 3.07763784 0.00000000 1.51011093 1.43390858 1.46145725" pbc=[T, T, T] Properties=species:S:1:pos:R:3:force:R:3
Fe         0.00000000       0.00000000       0.00000000         0.00000000       0.00000000       0.00000000
1
config_type=slice_sample_high degauss=0.13605692 ecutwfc=1224.51225528 kpoints=[35, 30, 47] energy=-3460.81647416 config_name=prim_0443 virial=[[-0.03677211, -0.41653095, -0.50199009], [-0.41653095, -0.81634527, 0.92232890], [-0.50199009, 0.92232890, -0.43702194]] Lattice="2.73349027 0.00000000 0.00000000 0.10055144 3.07763670 0.00000000 1.51010850 1.37273421 1.44568834" pbc=[T, T, T] Properties=species:S:1:pos:R:3:force:R:3
Fe         0.00000000       0.00000000       0.00000000         0.00000000       0.00000000       0.00000000
1
config_type=slice_sample_high degauss=0.13605692 ecutwfc=1224.51225528 kpoints=[35, 33, 46] energy=-3460.86609548 config_name=prim_0457 virial=[[-0.27497112, -0.00739698, -0.89569779], [-0.00739698, 0.34579831, 0.24808757], [-0.89569779, 0.24808757, -0.18289364]] Lattice="2.88920384 0.00000000 0.00000000 -0.08152466 2.74474943 0.00000000 1.56823095 1.29989037 1.46808248" pbc=[T, T, T] Properties=species:S:1:pos:R:3:force:R:3
Fe         0.00000000       0.00000000       0.00000000         0.00000000       0.00000000       0.00000000
1
config_type=slice_sample_high degauss=0.13605692 ecutwfc=1224.51225528 kpoints=[33, 33, 46] energy=-3460.90753515 config_name=prim_0458 virial=[[-0.32909096, 0.11389431, -0.13678007], [0.11389431, 0.14496806, 0.27924683], [-0.13678007, 0.27924683, -0.40439696]] Lattice="2.88920384 0.00000000 0.00000000 -0.08152466 2.74474943 0.00000000 1.44735822 1.29989037 1.46808248" pbc=[T, T, T] Properties=species:S:1:pos:R:3:force:R:3
Fe         0.00000000       0.00000000       0.00000000         0.00000000       0.00000000       0.00000000
1
config_type=slice_sample_high degauss=0.13605692 ecutwfc=1224.51225528 kpoints=[33, 32, 46] energy=-3460.88955278 config_name=prim_0459 virial=[[-0.20526630, 0.09099787, -0.11123268], [0.09099787, 0.13859725, 0.60034221], [-0.11123268, 0.60034221, -0.29458595]] Lattice="2.88920384 0.00000000 0.00000000 -0.08152466 2.74474943 0.00000000 1.44735822 1.23909285 1.46808248" pbc=[T, T, T] Properties=species:S:1:pos:R:3:force:R:3
Fe         0.00000000       0.00000000       0.00000000         0.00000000       0.00000000       0.00000000
1
config_type=slice_sample_high degauss=0.13605692 ecutwfc=1224.51225528 kpoints=[32, 31, 46] energy=-3460.85086595 config_name=prim_0467 virial=[[-0.56356368, -0.04965986, 0.28164156], [-0.04965986, -0.69297110, 0.76871221], [0.28164156, 0.76871221, -0.60011558]] Lattice="2.91070431 0.00000000 0.00000000 0.12278515 2.88535499 0.00000000 1.42473446 1.26401701 1.45538417" pbc=[T, T, T] Properties=species:S:1:pos:R:3:force:R:3
Fe         0.00000000       0.00000000       0.00000000         0.00000000       0.00000000       0.00000000
1
config_type=slice_sample_high degauss=0.13605692 ecutwfc=1224.51225528 kpoints=[33, 33, 48] energy=-3460.84825556 config_name=prim_0473 virial=[[1.15322116, -0.26440593, 0.47748773], [-0.26440593, 1.43758484, 0.60681161], [0.47748773, 0.60681161, 1.06845458]] Lattice="2.78409549 0.00000000 0.00000000 0.13128681 2.70164728 0.00000000 1.37167095 1.24653699 1.41800387" pbc=[T, T, T] Properties=species:S:1:pos:R:3:force:R:3
Fe         0.00000000       0.00000000       0.00000000         0.00000000       0.00000000       0.00000000
1
config_type=slice_sample_high degauss=0.13605692 ecutwfc=1224.51225528 kpoints=[37, 35, 45] energy=-3460.69313870 config_name=prim_0504 virial=[[0.85477676, 0.33230703, -1.77580741], [0.33230703, 0.99435270, -1.16083497], [-1.77580741, -1.16083497, 1.08889983]] Lattice="2.68514623 0.00000000 0.00000000 0.10140723 2.78269222 0.00000000 1.68191384 1.56334584 1.49750605" pbc=[T, T, T] Properties=species:S:1:pos:R:3:force:R:3
Fe         0.00000000       0.00000000       0.00000000         0.00000000       0.00000000       0.00000000
1
config_type=slice_sample_high degauss=0.13605692 ecutwfc=1224.51225528 kpoints=[30, 35, 45] energy=-3460.69841063 config_name=prim_0508 virial=[[-1.39116677, -0.66389961, 0.79227839], [-0.66389961, -0.94642861, -0.75231488], [0.79227839, -0.75231488, -1.06198914]] Lattice="3.19593876 0.00000000 0.00000000 0.25951342 2.79144158 0.00000000 1.60980394 1.56334778 1.49750505" pbc=[T, T, T] Properties=species:S:1:pos:R:3:force:R:3
Fe         0.00000000       0.00000000       0.00000000         0.00000000       0.00000000       0.00000000
1
config_type=slice_sample_high degauss=0.13605692 ecutwfc=1224.51225528 kpoints=[36, 35, 53] energy=-3460.81884754 config_name=prim_0535 virial=[[-0.47060521, 0.16684294, -0.19476093], [0.16684294, -0.37768112, -0.04614029], [-0.19476093, -0.04614029, 0.97402988]] Lattice="3.05680220 0.00000000 0.00000000 -0.06337057 3.01135061 0.00000000 1.60896618 1.50196893 1.26900698" pbc=[T, T, T] Properties=species:S:1:pos:R:3:force:R:3
Fe         0.00000000       0.00000000       0.00000000         0.00000000       0.00000000       0.00000000
1
config_type=slice_sample_high degauss=0.13605692 ecutwfc=1224.51225528 kpoints=[35, 33, 48] energy=-3460.83118776 config_name=prim_0549 virial=[[1.71441345, 0.49325907, 0.31398687], [0.49325907, 1.17544865, 0.92564471], [0.31398687, 0.92564471, 1.37328489]] Lattice="2.69365434 0.00000000 0.00000000 -0.12140569 2.80542483 0.00000000 1.26776033 1.29208942 1.39062330" pbc=[T, T, T] Properties=species:S:1:pos:R:3:force:R:3
Fe         0.00000000       0.00000000       0.00000000         0.00000000       0.00000000       0.00000000
1
config_type=slice_sample_high degauss=0.13605692 ecutwfc=1224.51225528 kpoints=[34, 34, 47] energy=-3460.93305317 config_name=prim_0552 virial=[[-0.07952302, -0.02853325, 0.01485537], [-0.02853325, -0.07517049, -0.01758884], [0.01485537, -0.01758884, -0.09772164]] Lattice="2.83836896 0.00000000 0.00000000 0.01110370 2.83710021 0.00000000 1.42193770 1.42193770 1.42193770" pbc=[T, T, T] Properties=species:S:1:pos:R:3:force:R:3
Fe         0.00000000       0.00000000       0.00000000         0.00000000       0.00000000       0.00000000
1
config_type=slice_sample_high degauss=0.13605692 ecutwfc=1224.51225528 kpoints=[37, 34, 48] energy=-3460.84400977 config_name=prim_0568 virial=[[1.04735315, 0.32290543, -0.68231936], [0.32290543, 0.18624466, -0.57315278], [-0.68231936, -0.57315278, 0.47529768]] Lattice="2.64443769 0.00000000 0.00000000 -0.03779695 2.99831634 0.00000000 1.44475944 1.57632286 1.40869196" pbc=[T, T, T] Properties=species:S:1:pos:R:3:force:R:3
Fe         0.00000000       0.00000000       0.00000000         0.00000000       0.00000000       0.00000000
1
config_type=slice_sample_high degauss=0.13605692 ecutwfc=1224.51225528 kpoints=[35, 33, 44] energy=-3460.74682526 config_name=prim_0602 virial=[[-0.70242783, -1.08899044, -0.95693392], [-1.08899044, -0.03353479, 0.76333910], [-0.95693392, 0.76333910, -0.13191096]] Lattice="2.86717208 0.00000000 0.00000000 0.51478354 2.79985661 0.00000000 1.88558138 1.39735072 1.51911952" pbc=[T, T, T] Properties=species:S:1:pos:R:3:force:R:3
Fe         0.00000000       0.00000000       0.00000000         0.00000000       0.00000000       0.00000000
1
config_type=slice_sample_high degauss=0.13605692 ecutwfc=1224.51225528 kpoints=[33, 32, 45] energy=-3460.86688991 config_name=prim_0610 virial=[[-0.52765920, -0.57564348, 0.08082094], [-0.57564348, -0.64276103, 0.09840921], [0.08082094, 0.09840921, -0.72117492]] Lattice="2.82066745 0.00000000 0.00000000 0.30873616 2.90047824 0.00000000 1.50709954 1.39677478 1.49041812" pbc=[T, T, T] Properties=species:S:1:pos:R:3:force:R:3
Fe         0.00000000       0.00000000       0.00000000         0.00000000       0.00000000       0.00000000
1
config_type=slice_sample_high degauss=0.13605692 ecutwfc=1224.51225528 kpoints=[34, 37, 47] energy=-3460.82595229 config_name=prim_0614 virial=[[1.05877685, 0.11946936, -0.41422256], [0.11946936, 1.91285859, -0.73101238], [-0.41422256, -0.73101238, 1.07058600]] Lattice="2.84387770 0.00000000 0.00000000 0.00000000 2.61347810 0.00000000 1.47180340 1.42193885 1.42193885" pbc=[T, T, T] Properties=species:S:1:pos:R:3:force:R:3
Fe         0.00000000       0.00000000       0.00000000         0.00000000       0.00000000       0.00000000
1
config_type=slice_sample_high degauss=0.13605692 ecutwfc=1224.51225528 kpoints=[34, 34, 46] energy=-3460.84318526 config_name=prim_0625 virial=[[0.72366839, -0.10461057, -0.61680516], [-0.10461057, 1.78928726, 0.39334679], [-0.61680516, 0.39334679, 0.66138420]] Lattice="2.83856899 0.00000000 0.00000000 -0.00892730 2.60598516 0.00000000 1.50126237 1.23248962 1.45469848" pbc=[T, T, T] Properties=species:S:1:pos:R:3:force:R:3
Fe         0.00000000       0.00000000       0.00000000         0.00000000       0.00000000       0.00000000
1
config_type=slice_sample_high degauss=0.13605692 ecutwfc=1224.51225528 kpoints=[32, 32, 46] energy=-3460.86614691 config_name=prim_0638 virial=[[-0.95370910, 0.06465746, 0.28743307], [0.06465746, -0.99321559, 0.12575485], [0.28743307, 0.12575485, -0.97447046]] Lattice="2.90051130 0.00000000 0.00000000 -0.00787489 2.95792982 0.00000000 1.35446626 1.44181226 1.46258572" pbc=[T, T, T] Properties=species:S:1:pos:R:3:force:R:3
Fe         0.00000000       0.00000000       0.00000000         0.00000000       0.00000000       0.00000000
1
config_type=slice_sample_high degauss=0.13605692 ecutwfc=1224.51225528 kpoints=[32, 35, 45] energy=-3460.83795714 config_name=prim_0662 virial=[[0.53852652, -0.27305130, 0.99246535], [-0.27305130, 1.42874013, -0.35485471], [0.99246535, -0.35485471, 0.45706610]] Lattice="2.80166629 0.00000000 0.00000000 0.07607084 2.64557705 0.00000000 1.29481529 1.35968787 1.48234763" pbc=[T, T, T] Properties=species:S:1:pos:R:3:force:R:3
Fe         0.00000000       0.00000000       0.00000000         0.00000000       0.00000000       0.00000000
1
config_type=slice_sample_high degauss=0.13605692 ecutwfc=1224.51225528 kpoints=[33, 35, 45] energy=-3460.86940601 config_name=prim_0664 virial=[[0.94448821, 0.23162604, 0.14873924], [0.23162604, 1.46591637, -0.18315423], [0.14873924, -0.18315423, 0.44178600]] Lattice="2.74729968 0.00000000 0.00000000 -0.09802915 2.64557542 0.00000000 1.29481608 1.35968806 1.48234675" pbc=[T, T, T] Properties=species:S:1:pos:R:3:force:R:3
Fe         0.00000000       0.00000000       0.00000000         0.00000000       0.00000000       0.00000000
1
config_type=slice_sample_high degauss=0.13605692 ecutwfc=1224.51225528 kpoints=[33, 34, 45] energy=-3460.87848999 config_name=prim_0667 virial=[[0.80858134, 0.27076784, 0.41107963], [0.27076784, 1.20239090, 0.18943042], [0.41107963, 0.18943042, 0.33185344]] Lattice="2.74729968 0.00000000 0.00000000 -0.09802915 2.67596330 0.00000000 1.26303806 1.32035223 1.48234675" pbc=[T, T, T] Properties=species:S:1:pos:R:3:force:R:3
Fe         0.00000000       0.00000000       0.00000000         0.00000000       0.00000000       0.00000000
1
config_type=slice_sample_high degauss=0.13605692 ecutwfc=1224.51225528 kpoints=[36, 33, 49] energy=-3460.83586567 config_name=prim_0694 virial=[[-0.01522782, -0.77138441, -0.95901475], [-0.77138441, 0.14632634, 0.78383682], [-0.95901475, 0.78383682, 0.50153653]] Lattice="2.85856871 0.00000000 0.00000000 0.21474426 2.90606383 0.00000000 1.69357047 1.38712619 1.38356727" pbc=[T, T, T] Properties=species:S:1:pos:R:3:force:R:3
Fe         0.00000000       0.00000000       0.00000000         0.00000000       0.00000000       0.00000000
1
config_type=slice_sample_high degauss=0.13605692 ecutwfc=1224.51225528 kpoints=[35, 32, 50] energy=-3460.83524566 config_name=prim_0701 virial=[[-0.07328653, -0.76136919, -0.65084356], [-0.76136919, -0.19784597, 0.86927744], [-0.65084356, 0.86927744, 0.56608739]] Lattice="2.87874307 0.00000000 0.00000000 0.21013673 2.97293842 0.00000000 1.61113174 1.34814416 1.35401968" pbc=[T, T, T] Properties=species:S:1:pos:R:3:force:R:3
Fe         0.00000000       0.00000000       0.00000000         0.00000000       0.00000000       0.00000000
1
config_type=slice_sample_high degauss=0.13605692 ecutwfc=1224.51225528 kpoints=[31, 35, 44] energy=-3460.78874426 config_name=prim_0710 virial=[[-0.25970388, 0.59792264, 0.86671444], [0.59792264, 0.58050950, -0.02485749], [0.86671444, -0.02485749, 0.07773069]] Lattice="2.84588857 0.00000000 0.00000000 -0.40495571 2.66655205 0.00000000 1.01254723 1.44255530 1.54173167" pbc=[T, T, T] Properties=species:S:1:pos:R:3:force:R:3
Fe         0.00000000       0.00000000       0.00000000         0.00000000       0.00000000       0.00000000
1
config_type=slice_sample_high degauss=0.13605692 ecutwfc=1224.51225528 kpoints=[32, 32, 48] energy=-3460.80087088 config_name=prim_0718 virial=[[-1.06828693, 0.88885571, 0.47699049], [0.88885571, -0.78709820, 0.50847672], [0.47699049, 0.50847672, -0.45318299]] Lattice="3.01039177 0.00000000 0.00000000 -0.37524834 2.95876656 0.00000000 1.23803265 1.41918297 1.40770736" pbc=[T, T, T] Properties=species:S:1:pos:R:3:force:R:3
Fe         0.00000000       0.00000000       0.00000000         0.00000000       0.00000000       0.00000000
1
config_type=slice_sample_high degauss=0.13605692 ecutwfc=1224.51225528 kpoints=[36, 32, 47] energy=-3460.75917610 config_name=prim_0734 virial=[[1.72314247, -0.91138633, -0.12500446], [-0.91138633, 0.64081098, 0.66174878], [-0.12500446, 0.66174878, 0.84087433]] Lattice="2.53040158 0.00000000 0.00000000 0.39678468 3.03828861 0.00000000 1.42193893 1.42193893 1.42193893" pbc=[T, T, T] Properties=species:S:1:pos:R:3:force:R:3
Fe         0.00000000       0.00000000       0.00000000         0.00000000       0.00000000       0.00000000
1
config_type=slice_sample_high degauss=0.13605692 ecutwfc=1224.51225528 kpoints=[36, 33, 47] energy=-3460.89372837 config_name=prim_0757 virial=[[0.18639116, 0.14673527, -0.60208991], [0.14673527, -0.20917265, -0.08932632], [-0.60208991, -0.08932632, -0.01824002]] Lattice="2.75555749 0.00000000 0.00000000 -0.06460129 2.94313104 0.00000000 1.47690166 1.46931285 1.42168580" pbc=[T, T, T] Properties=species:S:1:pos:R:3:force:R:3
Fe         0.00000000       0.00000000       0.00000000         0.00000000       0.00000000       0.00000000
1
config_type=slice_sample_high degauss=0.13605692 ecutwfc=1224.51225528 kpoints=[34, 34, 48] energy=-3460.92153282 config_name=prim_0776 virial=[[-0.15069353, 0.30415139, -0.16688018], [0.30415139, -0.11711148, -0.10708416], [-0.16688018, -0.10708416, 0.18897391]] Lattice="2.87279088 0.00000000 0.00000000 -0.11440315 2.86837827 0.00000000 1.40977041 1.44634391 1.38924432" pbc=[T, T, T] Properties=species:S:1:pos:R:3:force:R:3
Fe         0.00000000       0.00000000       0.00000000         0.00000000       0.00000000       0.00000000
1
config_type=slice_sample_high degauss=0.13605692 ecutwfc=1224.51225528 kpoints=[37, 34, 52] energy=-3460.77113578 config_name=prim_0801 virial=[[0.59216493, 0.01530554, -1.12951257], [0.01530554, 1.04035556, 0.46418778], [-1.12951257, 0.46418778, 1.69437410]] Lattice="3.01630956 0.00000000 0.00000000 -0.13510654 2.79377529 0.00000000 1.63114179 1.27938278 1.29546273" pbc=[T, T, T] Properties=species:S:1:pos:R:3:force:R:3
Fe         0.00000000       0.00000000       0.00000000         0.00000000       0.00000000       0.00000000
1
