MTP
version = 1.1.0
potential_name = MTP1m
scaling = 1.692997778857797e-03
species_count = 1
potential_tag = 
radial_basis_type = RBChebyshev
	min_dist = 1.400000000000000e+00
	max_dist = 6.500000000000000e+00
	radial_basis_size = 8
	radial_funcs_count = 2
	radial_coeffs
		0-0
			{-1.618874645760017e-01, 8.656274303033883e-01, 4.234514786492575e-02, 4.348743084924079e-01, -2.480854833242647e-02, -2.639045968813679e-02, -1.679032198237138e-01, -6.379194717964248e-02}
			{3.262634045134330e-01, 4.152406863466901e-02, -4.175657775215726e-01, 3.504646986105220e-01, -4.043526338155272e-02, 4.811558729934843e-01, 5.916867559803984e-01, 1.067804121854879e-01}
alpha_moments_count = 18
alpha_index_basic_count = 11
alpha_index_basic = {{0, 0, 0, 0}, {0, 1, 0, 0}, {0, 0, 1, 0}, {0, 0, 0, 1}, {0, 2, 0, 0}, {0, 1, 1, 0}, {0, 1, 0, 1}, {0, 0, 2, 0}, {0, 0, 1, 1}, {0, 0, 0, 2}, {1, 0, 0, 0}}
alpha_index_times_count = 14
alpha_index_times = {{0, 0, 1, 11}, {1, 1, 1, 12}, {2, 2, 1, 12}, {3, 3, 1, 12}, {4, 4, 1, 13}, {5, 5, 2, 13}, {6, 6, 2, 13}, {7, 7, 1, 13}, {8, 8, 2, 13}, {9, 9, 1, 13}, {0, 10, 1, 14}, {0, 11, 1, 15}, {0, 12, 1, 16}, {0, 15, 1, 17}}
alpha_scalar_moments = 9
alpha_moment_mapping = {0, 10, 11, 12, 13, 14, 15, 16, 17}
species_coeffs = {-3.456424685475020e+03}
moment_coeffs = {7.558661865917020e+01, 1.035378252018191e+00, 6.434357598558745e+02, -3.902193874135542e+02, 2.695760970348534e+02, 6.807531514919981e+01, 1.645567008923955e+03, -4.701576789329622e+03, 1.805011470992186e+03}